0.7214,1.5355
-0.5793,1.4158
0.8503,1.671
-0.9552,1.8016
0.6477,1.4697
0.4116,1.3112
0.8159,1.6322
0.2369,1.2415
1.0068,1.873
-0.2216,1.2373
-0.3105,1.2662
0.5173,1.3727
0.1658,1.2241
0.9375,1.7781
0.3808,1.2961
0.3357,1.2762
0.569,1.4083
-0.4185,1.3148
0.833,1.6512
0.9099,1.7428
0.8651,1.6882
-0.386,1.2986
-0.1623,1.2234
-0.7625,1.5759
-0.0898,1.2124
-0.5489,1.394
-0.0314,1.2081
-1.1098,2.0306
-0.2837,1.2564
0.443,1.3279
1.0244,1.8985
0.3033,1.2635
-1.0948,2.0064
0.5355,1.3848
-0.7984,1.6132
0.2776,1.2543
-0.6854,1.5024
0.6638,1.4835
-1.1013,2.0169
-0.8703,1.6944
-0.7595,1.5728
1.0368,1.9168
0.7548,1.5682
0.6025,1.4334
0.3262,1.2723
-0.6984,1.5142
0.4345,1.3233
-0.4949,1.3584
0.1572,1.2225
-0.6721,1.4906
-0.1258,1.2171
1.0768,1.9779
-0.9488,1.7931
-1.113,2.0359
0.9073,1.7395
0.5688,1.4082
0.7004,1.516
-0.8493,1.6699
0.4192,1.3151
-0.6809,1.4984
-0.229,1.2393
-0.5212,1.3753
0.7504,1.5638
-0.6762,1.4943
0.1934,1.2302
0.0814,1.2115
-0.6079,1.4376
-0.8541,1.6753
-0.0666,1.2102
1.0715,1.9696
-0.9027,1.7338
0.5284,1.3801
-0.167,1.2244
0.4199,1.3155
-0.2274,1.2389
-0.9608,1.809
-0.6635,1.4832
-0.7628,1.5761
0.1081,1.2146
-0.0983,1.2133
-0.4708,1.3438
0.4485,1.331
0.4848,1.3522
0.7242,1.5382
0.6475,1.4696
0.6768,1.4947
-0.4256,1.3185
1.1028,2.0193
0.9018,1.7327
0.0563,1.2094
0.7023,1.5177
0.9974,1.8596
-0.312,1.2668
0.7226,1.5367
-1.0965,2.009
-0.768,1.5815
0.5607,1.4023
-0.4697,1.3432
-0.118,1.2159
0.7631,1.5765
-0.2966,1.261
0.8631,1.6859
0.1737,1.2258
-0.3662,1.2894
0.6902,1.5067
-0.1623,1.2234
0.7106,1.5254
-0.2069,1.2334
0.6677,1.4868
0.6903,1.5068
-1.0084,1.8753
0.3138,1.2674
0.0679,1.2103
-0.6924,1.5087
-0.3159,1.2683
0.7573,1.5706
-0.1874,1.2288
-0.2823,1.2559
-0.8244,1.6416
-0.2777,1.2544
0.3449,1.28
-1.0229,1.8963
-0.0255,1.2079
0.2207,1.237
-0.7754,1.589
-0.9201,1.7558
0.0125,1.2076
0.97,1.8216
0.6353,1.4595
0.4769,1.3474
-0.9247,1.7616
0.3274,1.2728
0.8911,1.7195
0.1333,1.2182
0.985,1.8423
0.9716,1.8238
-0.2057,1.2331
0.9585,1.806
-0.3559,1.2848
-0.8901,1.7183
-0.2639,1.2498
-0.669,1.4879
-1.0693,1.9661
-0.3177,1.269
0.8526,1.6736
1.0487,1.9346
1.054,1.9427
0.5818,1.4177
0.2666,1.2507
0.4578,1.3363
-1.0339,1.9125
0.9758,1.8295
-1.1031,2.0197
-0.4742,1.3458
-1.1044,2.0219
-0.5399,1.3878
0.3731,1.2925
0.4388,1.3256
0.9077,1.74
0.5822,1.418
0.7824,1.5963
-0.677,1.4949
-0.438,1.3252
-0.6043,1.4348
-0.3745,1.2932
0.8784,1.7041
0.3782,1.2949
0.0735,1.2108
-0.8651,1.6882
-0.743,1.5564
0.4726,1.3449
0.2403,1.2425
-0.2116,1.2346
0.5575,1.4001
0.7375,1.551
0.226,1.2385
-0.2788,1.2547
0.1983,1.2313
-0.3425,1.279
-0.7086,1.5235
0.6597,1.48
0.0405,1.2085
0.8183,1.6349
-0.8277,1.6452
0.1216,1.2164
0.2455,1.2441
-0.6208,1.4477
0.4199,1.3155
0.3256,1.2721
-0.5652,1.4055
0.5063,1.3656
-0.1714,1.2253
0.1917,1.2298
-0.864,1.6869
-0.4193,1.3152
-0.8168,1.6332
-0.9346,1.7744
0.5191,1.3739
-0.4695,1.343
0.7663,1.5797
-0.1543,1.2219
-0.4376,1.325
0.1825,1.2277
0.1913,1.2297
-0.1346,1.2184
0.6252,1.4512
-0.7985,1.6134
-0.2504,1.2455
-0.2197,1.2368
-0.1246,1.2169
-0.1588,1.2228
-0.4419,1.3273
-0.3432,1.2793
-0.0291,1.208
0.1842,1.228
0.2219,1.2374
0.4848,1.3522
-0.4938,1.3578
-0.7312,1.545
-0.9593,1.807
0.5703,1.4093
-0.3638,1.2883
-0.0055,1.2075
-0.0953,1.213
0.3155,1.2681
-0.3077,1.2651
0.2757,1.2537
-1.0709,1.9686
-0.1731,1.2256
-0.5279,1.3797
0.7343,1.548
0.3591,1.2862
-0.0775,1.2111
0.6,1.4314
-0.7807,1.5946
-0.6657,1.4851
0.2012,1.232
0.6718,1.4904
-1.0357,1.9152
0.5072,1.3662
-0.3903,1.3006
-0.6756,1.4937
-0.1489,1.2209
0.4857,1.3528
0.1431,1.2199
-0.9105,1.7436
0.303,1.2634
-0.8022,1.6173
-0.1636,1.2237
0.7164,1.5309
0.9676,1.8183
0.5866,1.4213
-0.7062,1.5213
0.2225,1.2375
1.0825,1.9868
-0.7655,1.5789
1.0098,1.8773
-0.8146,1.6308
-0.1874,1.2288
-0.8783,1.7039
-0.5255,1.3781
0.8424,1.6618
0.0156,1.2076
0.83,1.6479
-0.6723,1.4908
0.1605,1.2231
0.3011,1.2626
-0.8771,1.7025
-0.0894,1.2123
-0.6265,1.4523
0.7156,1.5301
-0.5635,1.4043
0.8499,1.6705
-0.7902,1.6046
0.6873,1.5041
-0.0809,1.2115
-0.6593,1.4796
-0.1454,1.2203
-0.0441,1.2087
0.8469,1.6671
-0.8083,1.6239
0.9546,1.8008
0.076,1.211
0.1262,1.2171
-0.723,1.5371
0.8754,1.7005
-0.044,1.2087
-0.4005,1.3056
-0.7474,1.5607
0.5809,1.417
0.6933,1.5095
0.1422,1.2197
-0.0527,1.2092
0.5053,1.365
0.0281,1.208
0.0679,1.2103
-0.9685,1.8195
0.8232,1.6403
-0.6644,1.484
-0.4544,1.3343
0.4791,1.3487
0.1706,1.2251
-0.0701,1.2105
0.6713,1.4899
0.7808,1.5946
-0.2778,1.2544
-0.8415,1.6609
-0.0497,1.209
0.7455,1.5589
-0.8527,1.6737
0.332,1.2747
-0.8457,1.6657
0.575,1.4127
0.9946,1.8556
0.0303,1.2081
0.0998,1.2135
0.9217,1.7577
-0.9344,1.7741
-0.0662,1.2101
-1.0496,1.936
-0.6533,1.4745
0.1213,1.2164
-0.4942,1.358
-0.1456,1.2203
0.324,1.2714
0.1055,1.2142
0.0744,1.2108
1.0993,2.0136
-0.4106,1.3107
0.6522,1.4736
-0.3027,1.2633
-0.7522,1.5656
-0.9578,1.8051
-0.4267,1.3191
0.1011,1.2137
-0.1811,1.2273
-0.7462,1.5596
0.3111,1.2664
0.0265,1.2079
1.1112,2.0329
-0.564,1.4047
-1.0561,1.9458
0.7182,1.5325
-0.8482,1.6686
-0.1371,1.2189
1.0068,1.873
0.4538,1.334
-0.1582,1.2226
0.8442,1.6639
0.7408,1.5543
1.0012,1.865
0.2936,1.2599
0.9906,1.85
-1.0378,1.9182
0.2175,1.2362
0.9829,1.8393
0.1299,1.2177
-1.0779,1.9796
0.727,1.5409
0.533,1.3831
-0.0612,1.2098
-0.323,1.271
-0.4835,1.3514
0.4755,1.3466
0.8782,1.7039
-1.0181,1.8893
-0.699,1.5147
-0.8231,1.6401
0.6115,1.4404
-0.1459,1.2204
0.6731,1.4915
-0.2776,1.2543
0.0309,1.2081
0.4085,1.3097
0.3659,1.2893
1.109,2.0294
0.1712,1.2252
-0.6116,1.4404
-0.1968,1.231
0.0942,1.2129
0.7464,1.5597
-0.6097,1.439
0.0405,1.2085
-0.9388,1.7799
-0.0536,1.2092
0.913,1.7467
0.0697,1.2104
1.107,2.0261
0.8905,1.7187
-0.0673,1.2102
0.6386,1.4622
-1.055,1.9442
-1.0266,1.9017
-1.1146,2.0384
-0.1353,1.2186
0.2386,1.242
-1.002,1.8661
0.6743,1.4926
-0.6275,1.4531
0.9417,1.7837
0.6125,1.4412
-0.7689,1.5823
0.8326,1.6508
0.2049,1.2329
-0.1399,1.2193
0.5531,1.397
-0.4613,1.3383
0.8142,1.6304
0.4775,1.3478
-1.0919,2.0018
-0.3613,1.2872
0.691,1.5074
0.0322,1.2081
-1.0703,1.9677
-0.2154,1.2356
0.5793,1.4158
0.483,1.3511
-0.3688,1.2906
-0.9545,1.8006
0.3509,1.2826
-0.8921,1.7207
-0.4238,1.3176
0.3491,1.2818
-0.6583,1.4787
0.606,1.4361
-0.5919,1.4252
-0.6645,1.484
0.9814,1.8372
0.1491,1.221
0.5529,1.3968
-0.9818,1.8377
-0.9367,1.7771
-0.1118,1.2151
-0.8705,1.6946
-1.0292,1.9055
0.0959,1.2131
-0.421,1.3161
0.8557,1.6772
0.6559,1.4767
-0.7918,1.6063
-0.748,1.5613
0.0211,1.2078
-0.9673,1.8179
-0.0629,1.2099
-0.3136,1.2674
-0.226,1.2385
0.9792,1.8342
-0.223,1.2376
-0.704,1.5193
0.0778,1.2112
0.6494,1.4712
-1.1165,2.0417
0.0262,1.2079
-0.3423,1.2789
0.2025,1.2323
0.1034,1.214
0.7695,1.583
-0.8012,1.6163
0.4137,1.3123
-0.6194,1.4466
-0.1398,1.2193
-0.0207,1.2078
1.044,1.9275
0.5779,1.4148
0.3207,1.2701
-0.5285,1.3801
-0.1054,1.2142
-0.3658,1.2892
0.4088,1.3098
0.4015,1.3062
-0.7744,1.588
-0.5853,1.4203
0.2115,1.2346
-0.5476,1.3931
0.6408,1.464
-1.1115,2.0335
-0.9543,1.8003
-0.5154,1.3715
-0.5351,1.3845
-0.3089,1.2656
-0.9147,1.7489
1.1121,2.0343
-0.6745,1.4927
0.7493,1.5626
-0.1727,1.2256
1.1036,2.0206
1.0729,1.9718
-0.5817,1.4177
0.7951,1.6097
0.1143,1.2154
-1.0677,1.9637
-0.774,1.5876
1.1145,2.0383
-0.9539,1.7999
0.5787,1.4154
-0.8087,1.6243
-0.2756,1.2537
0.326,1.2722
-0.1865,1.2286
-0.9668,1.8171
-0.7208,1.535
-0.272,1.2524
0.453,1.3335
0.4326,1.3222
0.853,1.6741
-1.0866,1.9933
-0.2337,1.2406
0.8047,1.6201
-0.2224,1.2375
-1.0445,1.9283
1.0656,1.9604
0.092,1.2126
-0.0829,1.2117
0.8119,1.6279
-0.018,1.2077
-0.5759,1.4134
0.1537,1.2218
-0.7298,1.5436
-0.4597,1.3373
0.4013,1.3061
-0.8653,1.6885
-0.8783,1.7039
0.1299,1.2177
0.984,1.8408
0.7168,1.5312
-0.2562,1.2474
-0.9181,1.7532
-1.0106,1.8785
0.056,1.2094
-0.7591,1.5724
-0.2773,1.2542
-0.343,1.2792
-0.9453,1.7885
-1.0335,1.9118
-1.0479,1.9333
-0.4706,1.3437
0.8365,1.6552
0.4918,1.3565
0.469,1.3428
0.1722,1.2255
0.0636,1.2099
-1.043,1.926
-1.1117,2.0337
-0.6354,1.4595
-0.4675,1.3419
0.6984,1.5141
0.3882,1.2996
1.0699,1.9672
-0.945,1.788
1.0182,1.8894
-0.453,1.3335
-0.7965,1.6112
-0.5887,1.4228
0.1634,1.2237
-0.3363,1.2764
0.8851,1.7121
-0.4828,1.351
-0.8757,1.7009
0.4495,1.3316
-0.0451,1.2087
0.9436,1.7862
-0.5716,1.4102
0.1318,1.218
0.9362,1.7765
0.0547,1.2093
-0.9933,1.8538
0.7806,1.5945
0.6025,1.4334
1.032,1.9096
0.6066,1.4365
0.1198,1.2162
0.0371,1.2083
-0.5581,1.4005
-0.4199,1.3155
-0.8932,1.722
0.339,1.2775
0.7363,1.5499
1.0516,1.939
0.5936,1.4266
-0.2565,1.2474
-0.5386,1.3869
0.8527,1.6737
0.7356,1.5492
-0.998,1.8604
0.1368,1.2188
0.6299,1.4551
-1.0054,1.871
0.4109,1.3109
-0.3319,1.2746
-0.8924,1.721
0.014,1.2076
-0.8589,1.681
-0.669,1.488
-0.184,1.228
0.3084,1.2654
-0.0332,1.2082
-0.5741,1.412
1.0939,2.0049
-0.3739,1.2929
0.7321,1.5458
0.9446,1.7875
-0.0673,1.2102
0.0969,1.2132
0.4975,1.3601
0.6543,1.4753
-0.6123,1.441
0.1496,1.221
0.0768,1.2111
-0.839,1.658
-0.8416,1.6609
-0.0866,1.212
0.2142,1.2353
0.1236,1.2167
0.9478,1.7917
1.0755,1.9758
0.2031,1.2325
-0.0734,1.2108
-0.3301,1.2739
1.0197,1.8916
0.6063,1.4363
0.2305,1.2397
-0.9251,1.762
-0.7557,1.569
-0.2272,1.2388
-0.5451,1.3914
-0.362,1.2875
0.672,1.4905
0.0875,1.2121
0.4102,1.3105
0.8435,1.6632
1.1031,2.0197
1.0509,1.938
-0.9481,1.7921
-0.3356,1.2761
-0.6555,1.4763
-0.2565,1.2474
0.0522,1.2091
0.2592,1.2483
-0.8247,1.642
0.7138,1.5284
-0.8549,1.6763
0.6928,1.5091
0.339,1.2776
-0.6608,1.4808
-0.3178,1.269
-0.2681,1.2512
-0.262,1.2492
-1.0643,1.9585
-0.6094,1.4387
0.2508,1.2457
1.0027,1.8671
-0.6695,1.4884
0.7381,1.5517
-0.7835,1.5975
-0.824,1.6411
0.6403,1.4636
0.2982,1.2616
-0.4952,1.3586
0.3267,1.2725
0.2168,1.236
-0.8923,1.721
-0.5808,1.417
-0.2161,1.2358
-0.501,1.3622
0.1014,1.2137
0.1021,1.2138
0.7823,1.5963
1.0598,1.9516
0.6303,1.4554
0.9622,1.811
-0.9069,1.7391
0.1499,1.2211
-0.7619,1.5752
0.0365,1.2083
0.111,1.215
-0.0011,1.2075
-0.4991,1.361
-0.826,1.6434
-0.6957,1.5117
0.0523,1.2092
0.1275,1.2173
0.6477,1.4698
1.079,1.9813
-0.8203,1.6371
0.0671,1.2102
-0.5637,1.4044
0.3393,1.2777
0.9137,1.7476
-0.8355,1.6541
0.6705,1.4892
-0.1023,1.2138
0.7417,1.5551
-0.3582,1.2858
0.4116,1.3112
-0.7504,1.5637
0.4567,1.3356
0.8556,1.6771
0.3073,1.265
-1.0638,1.9577
-0.8537,1.6749
0.2432,1.2434
-1.0113,1.8794
0.4993,1.3612
-0.5712,1.4099
-0.9688,1.8199
-0.8858,1.713
-0.6533,1.4745
1.0721,1.9705
-0.5243,1.3773
0.8596,1.6818
0.9731,1.8257
-0.8074,1.6229
0.7666,1.58
0.0938,1.2128
-0.0289,1.208
0.1322,1.2181
1.02,1.892
-0.3257,1.2721
-1.0315,1.9089
0.9342,1.7738
-0.2894,1.2584
-1.1134,2.0366
0.8585,1.6805
0.4151,1.313
0.4049,1.3078
0.2082,1.2338
-0.7256,1.5396
-0.2335,1.2406
-0.6821,1.4995
-0.1461,1.2204
-0.4792,1.3488
0.0614,1.2098
1.0413,1.9235
-0.9739,1.8268
-0.9458,1.7891
0.0803,1.2114
0.2686,1.2513
-0.812,1.6279
0.6869,1.5038
-0.6598,1.48
0.1401,1.2194
-0.2457,1.2441
-1.0692,1.9659
0.7175,1.5319
-0.1762,1.2263
-1.0949,2.0066
0.136,1.2187
-0.9429,1.7852
0.5085,1.367
0.8474,1.6676
-0.8975,1.7273
-0.0689,1.2104
0.7114,1.5262
-0.0048,1.2075
0.3864,1.2988
-0.2967,1.2611
0.886,1.7133
0.2064,1.2333
-0.4672,1.3417
0.2254,1.2383
0.1681,1.2246
0.7691,1.5825
-0.6313,1.4562
-0.1999,1.2317
0.141,1.2195
0.0282,1.208
-0.4355,1.3238
-0.496,1.3591
0.5883,1.4226
-0.82,1.6368
0.6452,1.4677
1.0343,1.913
0.4905,1.3557
0.2902,1.2587
-0.4098,1.3103
-0.9731,1.8257
0.6309,1.4559
-1.0183,1.8896
0.5958,1.4282
0.7607,1.5741
-0.2107,1.2344
0.6991,1.5148
-0.8247,1.6419
-0.916,1.7505
-0.0099,1.2076
0.0227,1.2078
-0.5224,1.376
-0.4694,1.343
-0.4952,1.3586
-0.4162,1.3136
-0.2912,1.2591
0.2258,1.2384
-0.1566,1.2223
-0.8052,1.6206
-0.7444,1.5578
0.3879,1.2995
-0.6777,1.4955
-0.3603,1.2867
1.0892,1.9975
-1.1105,2.0318
0.609,1.4385
-0.9634,1.8126
-0.7884,1.6027
0.2831,1.2562
1.0527,1.9407
0.5483,1.3936
0.3946,1.3027
-0.2838,1.2565
-0.6552,1.4761
-0.6271,1.4528
0.8902,1.7184
-0.5252,1.3779
0.6092,1.4386
0.878,1.7036
-0.4083,1.3096
-0.4982,1.3605
0.8773,1.7028
-0.081,1.2115
0.6341,1.4585
-0.4488,1.3312
0.5126,1.3696
0.8153,1.6316
0.7637,1.5771
0.6911,1.5075
0.3343,1.2756
0.0326,1.2081
-0.3501,1.2823
-1.0299,1.9066
0.3518,1.283
0.7464,1.5598
0.2101,1.2343
-0.3963,1.3036
-1.1046,2.0222
1.0168,1.8873
-0.0465,1.2088
-0.7861,1.6002
-0.2182,1.2363
-0.6057,1.4359
0.2494,1.2453
0.5361,1.3852
-1.1093,2.0299
-0.1778,1.2266
-0.6926,1.5089
-0.0769,1.2111
0.1077,1.2145
0.7927,1.6071
0.8345,1.6529
0.1599,1.223
-0.2396,1.2423
0.1455,1.2203
-0.3903,1.3006
-0.4838,1.3516
-0.2346,1.2409
-0.5418,1.3891
0.0731,1.2107
0.2924,1.2595
-0.8861,1.7134
0.9266,1.7641
-0.4249,1.3181
0.7554,1.5688
0.4137,1.3123
0.7141,1.5287
0.3528,1.2834
-0.4477,1.3305
-0.0406,1.2085
0.8682,1.6919
0.4955,1.3588
-0.2991,1.2619
-0.664,1.4836
0.8026,1.6177
-0.1242,1.2168
-0.081,1.2115
-0.8792,1.7051
-0.8125,1.6284
0.9475,1.7912
1.1023,2.0184
-0.491,1.356
0.364,1.2884
0.8283,1.6459
1.0938,2.0048
0.0811,1.2115
0.6004,1.4317
-0.3297,1.2737
0.8485,1.6689
0.3182,1.2691
0.8454,1.6653
0.8528,1.6739
0.3902,1.3006
-0.4701,1.3434
-0.5862,1.421
0.1796,1.227
-0.9514,1.7964
0.113,1.2152
-1.0249,1.8991
0.2602,1.2486
-0.7805,1.5943
-1.0731,1.9721
0.6676,1.4867
0.2556,1.2472
-1.0126,1.8813
0.451,1.3324
0.3351,1.2759
-0.5052,1.3649
0.9356,1.7757
0.9724,1.8248
0.3826,1.297
0.2208,1.237
-0.302,1.263
1.0396,1.921
0.6777,1.4955
-0.3794,1.2955
0.1082,1.2146
-0.2758,1.2537
0.0072,1.2075
1.0017,1.8657
0.1196,1.2161
-0.5383,1.3867
0.1792,1.2269
-0.4392,1.3259
-0.1368,1.2188
0.8564,1.678
-1.0485,1.9343
0.5097,1.3678
0.568,1.4076
-0.0416,1.2085
0.8904,1.7186
-1.0649,1.9593
0.4328,1.3224
-0.8561,1.6777
-0.6324,1.4571
-1.0521,1.9397
-0.1496,1.221
0.4459,1.3295
0.8434,1.663
1.0599,1.9517
0.0534,1.2092
0.0084,1.2075
0.3141,1.2676
-0.6859,1.5029
0.0054,1.2075
0.5062,1.3655
0.8688,1.6926
-1.1117,2.0338
0.5982,1.43
-0.0774,1.2111
-0.6972,1.513
-0.3188,1.2694
0.9502,1.7949
-1.0398,1.9213
-0.2841,1.2565
-0.3189,1.2694
-0.7749,1.5885
-0.1093,1.2147
-1.0271,1.9024
-0.8797,1.7057
0.659,1.4794
-0.3263,1.2724
1.0275,1.903
0.9382,1.779
0.0742,1.2108
0.4122,1.3115
-0.5559,1.3989
0.4584,1.3366
-0.0216,1.2078
-0.4685,1.3425
-0.7842,1.5982
0.207,1.2335
-0.8245,1.6417
0.2627,1.2494
0.4685,1.3425
0.7127,1.5273
1.0985,2.0124
-0.6506,1.4722
-0.062,1.2098
0.0956,1.213
0.3902,1.3006
-0.6365,1.4604
0.2735,1.253
-0.3153,1.268
1.1032,2.0199
0.3721,1.2921
0.5208,1.375
-0.1387,1.2191
-0.1316,1.218
-0.6277,1.4533
-0.42,1.3156
1.0534,1.9417
0.1026,1.2139
-0.5017,1.3627
0.0584,1.2096
-0.8932,1.722
-0.5812,1.4173
0.6399,1.4632
-0.2604,1.2487
-0.6483,1.4703
-0.4472,1.3302
-0.0664,1.2102
0.9208,1.7566
1.047,1.9321
0.926,1.7633
